New Mouse Movement
Time:7273
950 46
950 46
950 46
950 46
950 46
950 46
950 46
947 46
944 46
942 46
939 46
938 46
936 46
935 46
934 46
933 46
931 46
929 46
928 46
926 46
923 46
920 46
918 46
915 46
914 46
914 46
914 46
914 46
913 46
912 46
909 46
907 46
903 46
899 45
895 45
893 45
893 45
893 45
893 45
891 45
889 45
888 45
886 45
884 45
882 45
880 45
877 45
874 45
871 45
866 45
862 45
859 45
858 45
857 45
856 45
853 46
848 46
844 46
840 46
837 47
835 47
834 47
832 48
832 48
832 48
832 48
832 48
832 48
832 48
832 48
828 48
820 48
812 48
804 48
796 48
791 48
788 48
788 48
788 48
788 48
787 48
783 48
778 47
772 47
767 47
761 46
755 46
750 46
745 46
740 46
737 45
736 45
734 45
731 45
727 44
723 44
720 44
718 44
715 44
712 44
707 44
700 44
693 44
687 44
682 44
677 44
673 44
670 44
668 44
665 44
663 44
659 44
656 44
651 44
647 44
644 44
641 44
638 45
634 45
630 45
625 45
620 45
615 45
611 45
608 45
606 46
603 46
600 46
596 46
592 47
588 47
586 47
583 47
581 47
577 46
573 46
569 46
565 46
560 46
554 46
549 46
544 46
539 46
536 46
532 46
528 46
526 46
523 46
520 46
517 45
515 45
512 45
509 44
507 44
506 44
505 44
502 43
498 43
495 42
491 42
487 42
482 42
478 42
475 42
473 42
470 42
467 42
462 42
458 42
455 42
453 42
450 42
446 42
443 42
439 42
435 42
430 42
426 42
421 43
416 43
412 43
409 43
405 43
403 43
399 42
395 41
389 39
386 38
384 38
384 38
384 38
382 38
378 37
374 37
369 37
364 37
358 37
353 37
349 37
346 37
344 37
342 37
341 37
339 37
336 37
332 37
329 37
324 37
319 37
315 37
312 37
309 37
306 37
303 38
300 38
297 38
294 38
290 38
288 38
284 39
280 39
275 39
271 39
268 40
266 40
263 40
260 40
259 40
257 40
256 40
254 40
251 40
248 40
246 40
244 40
241 40
238 40
235 40
231 40
227 41
224 41
222 42
221 42
219 42
217 42
215 42
213 42
212 42
211 42
209 42
208 42
206 42
204 42
202 42
202 42
201 42
199 43
197 43
195 44
192 44
189 45
187 45
184 45
182 46
181 46
179 46
179 46
178 47
177 47
176 47
175 47
175 47
174 47
173 47
172 47
170 47
168 47
166 47
162 46
159 46
156 46
154 46
153 46
152 46
151 46
148 46
146 46
144 46
142 46
141 45
140 45
138 45
136 44
134 44
133 44
131 44
129 44
127 44
124 44
122 44
120 44
118 44
116 44
114 44
112 44
109 44
107 44
104 44
103 44
103 44
102 44
100 44
99 44
98 44
96 44
93 44
90 44
86 44
81 44
76 44
65 45
55 47
44 50
36 51
31 51
28 51
27 51
27 51
26 51
25 51
23 51
22 51
21 50
20 50
18 50
17 50
15 50
13 50
12 50
11 50
10 50
8 50
8 50
7 49
5 49
4 49
2 48
0 48
0 48
0 48
0 47
0 47
0 47
0 47
0 47
0 47
